vecadd sample outputs:
  c[0] = 25.000000 expected = 25.000000
  c[1] = 25.750000 expected = 25.750000
  c[2] = 26.500000 expected = 26.500000
  c[3] = 27.250000 expected = 27.250000
  c[4] = 28.000000 expected = 28.000000
  c[5] = 28.750000 expected = 28.750000
  c[6] = 29.500000 expected = 29.500000
  c[7] = 30.250000 expected = 30.250000
vecadd validation: mismatches=0 n=30720
vecadd validation ok
